Lambda: 0.005
Trained for: 100000 steps
MSE(255): 91.556449
PSNR(RGB): 29.237666
MS-SSIM(RGB): 0.952167
PSNR(Y): 29.746728
MS-SSIM(Y): 0.960000
BPP: 0.327508
BPP(y): 0.327508
BPP(z): 0.011121
