Lambda: 512
Trained for: 10000 steps
MSE(255): 153.682508
PSNR(RGB): 26.848769
MS-SSIM(RGB): 0.930280
PSNR(Y): 27.252808
MS-SSIM(Y): 0.941481
BPP: 0.331723
BPP(y): 0.331723
BPP(z): 0.014177
